221734
330747
129424
307679
203661
333007
246163
138573
374886
192777
50277
376648
184054
262627
25945
371357
156801
143441
248780
135273
298286
17623
21331
265021
138586
319985
311673
2652
320423
121816
17007
264717
323437
153403
309385
15804
52509
200106
183592
335988
291405
9317
117492
282720
15727
278604
368400
147102
269862
94391
117333
147835
205280
112330
110898
354906
308268
4432
156371
84589
61855
344235
46270
245552
114820
215178
138090
348260
120465
186240
60694
39369
326083
349068
263029
332270
100599
35132
205479
226900
136145
96735
37193
364274
104777
321932
185435
67983
31305
38907
128728
165428
282169
82545
359531
152838
120962
192881
191167
132921
311018
68883
148502
203206
166214
255018
20835
321729
119552
11147
292335
330138
234259
315757
344973
292590
15560
67463
248568
200409
238367
67007
105488
191009
291275
10904
359948
371671
300898
281840
277069
50151
90976
33762
74237
367949
9652
301586
242160
220850
153602
280898
13591
228778
177371
231866
242302
172240
160653
94625
50520
20385
218052
139100
45716
359813
237363
207829
50216
339995
152606
55906
52094
89375
174704
168471
267783
118446
33390
175804
30362
365079
5757
244274
78227
165495
70921
220755
210039
63934
325791
284814
374941
320780
139172
254325
253039
268277
26832
110611
200815
150566
152626
101123
103222
204753
94540
208163
127414
154653
71413
335758
286614
186390
34096
315280
291159
242694
197162
180683
34099
74494
230575
332194
202228
333548
289036
52644
248204
100719
376676
45959
141340
276716
307762
319975
82019
231864
97520
221005
8682
258469
374031
67467
338181
275230
266421
155392
150602
72596
19589
305446
284033
313479
298314
101634
107317
268221
252978
209700
139484
169308
188917
205388
75485
262122
153379
247238
9082
2945
269084
238135
103445
352589
55759
54175
126249
105459
19501
84900
109497
83783
180962
240857
21456
24067
108016
70551
149720
80931
192645
350530
227149
243972
11558
175076
263675
195250
227697
223184
277802
198654
233186
38840
217598
314997
271202
247400
226333
64245
137401
130841
43395
180048
117034
288217
372792
267625
155036
109499
104993
318834
103427
174249
373456
116985
146429
250482
179460
43227
192109
96968
33428
135704
114662
377101
199244
53758
20050
355108
278647
310031
92794
147407
310963
196185
20061
16047
287602
98301
368118
189319
173746
33415
312214
231173
85105
80091
286508
269331
38060
109123
220462
202862
211
296169
307041
286393
79753
22446
108279
16737
296124
97844
20687
349364
5158
305618
299508
286303
313934
175133
268028
143681
374849
177320
117329
299579
276751
246231
284527
354563
7990
70054
127552
160330
99071
206118
175214
354527
286657
207471
47953
237696
127436
59878
135738
125615
113729
204915
142866
250137
365414
247433
353481
359340
253310
43758
177318
67827
286319
198516
360552
235622
252047
35300
10023
150963
286703
123386
377353
267539
374492
44428
92562
332474
270290
362512
289233
131090
12639
274422
86030
13916
235587
1572
49456
329706
11794
343560
152087
231792
193883
2760
152659
97158
130415
349464
196170
256955
322989
169394
296720
290687
146746
128730
185340
224261
201395
176140
372841
328013
310096
325017
309191
161762
306626
173321
70579
77837
332702
218895
77432
192835
258971
19298
225860
230568
357307
13624
242309
353389
114232
257020
287158
16861
207234
328205
247319
118353
225196
360027
340332
33030
218310
30739
6927
193595
276906
201802
284402
200778
367174
324708
264109
13997
311015
203003
267090
291242
14037
265887
78985
188859
37221
58405
277794
146456
80883
349200
83179
251663
355202
151154
154140
151401
263662
57937
186083
158533
341930
360501
185895
258753
9203
287735
64654
276852
327618
292747
85693
102305
342749
58008
150743
326125
114041
162869
57798
100875
262762
300602
322387
19155
309046
301036
36609
78867
248646
327854
241495
353061
7139
320071
321141
322132
336521
377310
171185
64529
30974
329026
244279
210520
210720
335493
303857
363103
276666
314012
271703
178678
17959
278859
31258
185651
226902
41209
137179
266778
55287
318804
82284
112773
89579
233992
352565
257289
339706
251653
370342
298402
272845
330520
36257
271504
367826
278443
46067
284234
237643
86033
279837
10169
351931
241147
100329
200546
222351
298361
309888
178559
67660
11218
36496
53571
266762
122450
169315
88970
289876
323655
220787
96873
205841
329560
99895
1885
375531
279312
191337
324907
72848
291655
170613
13731
126642
188618
152265
194252
18112
96163
332409
117398
337293
374093
137794
7493
257380
314659
264132
177174
45877
37516
368270
233675
306577
260858
245700
264950
286245
33454
10524
344149
79063
336662
348752
43826
22480
203165
28701
232445
248677
230199
57887
57574
119439
110549
12483
241112
332583
39242
40651
159435
25207
92424
45261
267626
130718
317250
248931
261045
45294
302901
78947
32677
90591
139004
148035
107407
115992
86396
186156
25969
134711
110655
49227
349341
292521
315664
240464
211564
357469
35359
115710
175165
316071
33478
347392
150531
187437
35775
346203
41756
174875
248724
107797
331007
66120
222074
207228
143266
35215
328874
293549
71494
239545
87157
89755
243899
53713
316628
191675
309605
241762
77271
4337
54866
356414
310717
237264
221075
192091
209113
294227
228407
2854
174652
174265
333325
203248
377527
371289
289571
283206
115442
88688
27672
259723
333053
108892
79130
291082
217531
168938
176758
42779
358622
326732
125687
256649
280774
313507
187427
1343
19769
199098
97365
43841
109149
252218
171770
347178
206293
236067
250843
22358
271545
140429
262261
70052
168625
138432
347060
193857
308577
371573
288488
366699
185023
159142
329495
264431
263758
47138
123063
137251
7052
51410
303475
329544
168518
113208
392
363537
110590
344885
197344
269795
150175
200505
370577
16022
148719
185503
52555
128694
280557
347799
159923
182144
106616
183472
335733
162359
12991
227605
45214
6582
241093
286927
38889
87331
8465
255065
342752
238946
66388
283291
158682
275622
232513
134574
304984
27902
289190
101565
353320
172871
317634
163329
116047
265643
145516
55075
298996
178273
138029
35621
267099
79256
48806
298859
369287
155700
126959
79959
242221
349591
290435
239806
128002
157447
179401
274696
266472
305503
49359
184871
238568
173720
177587
199228
172481
15353
295099
292070
329448
171679
157808
362821
246113
129037
172303
200836
302006
251579
368988
125380
316427
258779
38265
264618
119046
92400
355922
36658
243851
3577
106170
99989
121572
310651
211661
196761
357372
188313
255091
138659
128134
240433
19064
246852
363322
177069
79430
21696
200029
103112
222862
178228
186329
40288
370803
285992
118911
309071
305484
151688
4987
129766
177137
90223
377577
135427
368748
165648
227044
27236
234862
344407
158511
163895
316587
282065
22757
338928
230752
332573
144809
368717
335679
340318
312932
49967
133939
181116
247800
79494
208472
376765
125606
104257
309088
22708
42580
335314
18750
169318
181645
157505
325445
121504
21357
96399
371013
103652
18568
14458
63709
375509
101152
180808
347253
143791
62515
349118
112971
215966
75268
61255
32329
202002
295098
192023
216380
361085
101995
376291
140038
61435
186370
198896
97968
69447
173206
326238
242072
22133
85367
108711
333705
82419
76933
22081
115429
304057
129203
83540
62817
308588
231177
54874
109848
187481
295847
367895
125547
173707
310804
153554
62553
248777
99723
250093
47018
103133
77654
265711
315942
123987
111718
246503
119246
366969
150476
373699
162860
72123
84854
75455
290264
277012
247646
156083
279440
128690
77751
129393
278382
4289
316918
5364
127901
178702
148951
44373
317840
377554
18482
338522
331230
333565
358031
118813
315061
30293
375534
348405
138308
183556
6597
248208
341315
293589
154049
22590
231426
257586
269234
351353
258557
62032
161459
112335
129051
296338
329071
84202
324249
152216
324560
102380
33931
376736
193510
372966
103079
29202
102842
330425
218201
344797
107669
65212
117675
136487
333373
232214
375812
143802
302451
109491
92483
368519
282756
318210
39529
48734
276080
355285
114895
346083
308972
3590
13935
291884
260883
242484
293620
11910
13271
54086
69272
236157
10182
46087
67733
168498
110214
229924
116184
117164
321478
68617
80270
28008
311083
358389
131847
271837
60091
212900
22105
47038
30262
215454
293808
91481
174342
371587
272855
272469
274670
52927
249886
118345
105467
170133
126253
37961
350741
20875
34431
364886
287119
336650
29862
241980
189292
220527
373974
280761
282443
344440
375495
135747
155680
273677
107388
261145
93801
330455
359491
357074
209281
223549
148879
39779
294812
156177
83834
137159
84616
346190
97445
268158
104417
280097
148819
126264
169327
185717
51484
367636
248055
370492
99273
317964
316003
282188
88163
155834
374894
88276
178809
320399
309632
3739
266518
172191
300906
360203
46822
170925
341061
79904
29113
53723
76721
207347
204870
307886
341045
80967
129710
308019
104951
371613
83897
80016
20729
196824
47478
299456
297448
224899
241624
27067
40620
258500
234256
103831
162129
353656
247076
177010
135086
322993
47628
38408
308910
306086
192283
29308
374426
189440
138107
114816
264065
355333
319544
308895
12833
324914
208728
303387
237040
22277
311147
218577
19186
373468
210515
52173
31551
147572
337017
291187
76812
95398
205995
22377
79464
280004
74754
296819
91932
343511
94365
165244
125665
179149
356681
37911
345973
336342
348906
246659
216611
339489
10970
347015
197577
305219
35951
107740
162939
252960
268342
201865
282158
46898
339860
79093
340404
50941
295624
50699
246384
233221
88434
345255
42577
13439
201734
154673
28207
267663
96123
155719
368916
342874
242377
194791
65894
137986
301864
264528
257653
175286
328306
11319
262611
374864
155819
171722
355020
133602
233756
277232
350587
180659
155764
316861
3842
256140
291869
263870
38313
12925
232014
145946
128503
43317
260213
229448
141466
70392
234928
97665
71317
207584
306838
100107
120471
131120
3043
165368
33208
320974
218783
169911
119970
354754
9564
376467
45773
330275
373623
206523
304336
116243
66498
200477
2367
16114
375882
188749
110245
218564
58304
148499
210689
294825
42539
291151
61137
209246
242998
39254
299630
264711
249854
30111
232495
304986
118151
113051
48763
106093
144341
106832
204520
338790
222036
82260
32969
254049
268986
262040
96671
292785
263210
345192
177478
298038
81761
377114
271816
356749
46342
56503
125323
44733
278319
38504
290851
334820
100240
268309
85394
375779
371681
163863
333662
127365
167341
50634
50112
155901
312301
204602
217112
60209
261459
1043
279975
60360
19331
5971
186045
185592
131564
81176
110117
318729
85700
75316
135799
58791
22805
255201
201198
355896
347201
212266
49475
80417
107475
206136
215619
217009
307383
185407
28914
364345
113678
349239
95042
284496
115812
195958
112922
24746
142475
139523
109992
231673
23374
172000
226411
174050
150582
311817
84379
72731
309067
248710
131529
172901
135546
123515
36808
98062
240915
309181
344664
162898
374986
285978
315679
298698
31074
195921
220175
312845
320552
72443
201472
61524
15725
173628
298215
48720
312372
26148
250928
21138
8334
286768
113325
336536
99651
49808
45265
324680
292156
15533
158062
41559
163937
304681
137061
145523
365778
83333
339484
148913
52919
247568
208214
316231
361693
322866
364458
178103
8592
225960
233478
256458
106514
207175
357063
119588
274562
110977
127147
355363
208119
355874
376140
36815
9406
287317
110760
18645
221122
248525
224627
301797
291285
350795
303332
101963
262002
17690
33652
353804
53341
169866
222488
309340
244546
141620
292661
12265
266351
58153
63354
214689
22545
283619
214409
65529
102735
168292
36405
43372
122443
40462
250942
196146
351581
270375
318236
364748
173621
24443
45378
134953
305203
189189
41899
258809
134598
295234
137657
244417
243913
48686
33662
38471
160638
194055
203064
251976
44846
47033
13698
377591
20496
97979
331840
162576
129724
117243
181500
245041
86041
251719
19295
224528
197222
83584
119180
92596
104385
340572
359677
275242
14839
166085
62847
117689
39510
139425
138173
330800
301216
82039
65292
133143
185791
194767
200900
79507
82326
92760
291753
258413
93914
369793
158719
146234
263905
343515
288153
226690
230550
84836
299623
49634
300339
255133
155173
247013
368761
229542
252203
179324
115106
28433
306931
219563
275478
110042
54832
168817
189721
17443
179830
85476
1205
79764
139782
278317
295858
305621
182554
29914
202826
266086
353894
247255
330314
256714
137654
291556
286191
334381
217933
310428
7359
290174
284778
264467
364684
237604
102011
210750
108926
227850
157186
232589
173422
285428
101027
134757
54981
30782
132186
78107
277997
312777
60695
70410
340456
178034
38728
275493
8840
358391
376230
220332
248284
33393
5319
59215
369167
119479
266597
163443
291169
14274
69926
376863
250214
263765
143776
262177
201229
117078
16359
284974
273759
244646
286242
135542
180844
208320
164131
370576
307695
29126
368864
195511
372640
91845
33034
8847
350447
373680
176872
104088
209322
335106
197007
30836
332790
289201
304195
195185
170307
343935
274003
262945
38738
198129
17660
202812
134453
183878
206834
195163
208540
112377
191022
347026
110993
25925
132390
347180
296076
322300
24723
273354
17674
334101
349622
7623
280960
207511
38345
200758
257748
182907
318224
173456
88531
337129
277820
64480
221478
156968
286535
181435
66022
220517
92700
208553
339670
297137
22136
14704
347879
328711
90440
329075
249819
138234
240170
349878
329691
91028
276368
162996
34621
94965
40438
230305
115955
321023
373733
219800
335641
205394
309865
330576
333055
125351
45197
224790
187106
228872
92903
117980
270578
192202
22736
351333
8865
220394
30436
369509
292188
300032
305928
359297
357086
320747
88298
190610
326285
346233
106220
307173
162973
261502
57706
171421
322131
352175
333970
295625
298492
250924
181710
40875
50631
43890
202271
339485
223761
112807
49246
62014
259066
297280
179216
97963
357749
352508
92376
29923
351469
67475
5447
181878
300948
117610
369674
297395
43130
240616
296988
144981
321279
27538
60097
159187
37156
54067
161436
293557
330844
24221
103511
58414
182048
298370
43703
43962
232412
170909
213902
260663
259223
284354
297884
243641
136762
273897
139909
345223
64183
281497
271707
197671
76902
184595
19014
344293
323452
116031
372380
124104
167608
11440
295256
330245
303539
79849
162426
293929
280195
37466
143191
184577
123618
111603
301572
13696
349945
117734
113300
295154
117865
117323
33072
258564
317943
156953
283465
192219
67002
350541
252226
359480
275345
282629
117983
147541
169950
168464
352837
86538
200735
356998
49720
42898
168046
43567
179580
372839
177751
274399
355814
339471
342177
185035
100903
123198
31770
367086
324080
107249
57120
103357
187377
294481
228124
295616
307149
28952
18159
375100
335856
10517
277334
70855
113965
123543
161972
220016
322357
261575
71591
143567
347486
295948
273629
346193
72318
250108
26933
63967
233437
310455
316499
366406
128594
245472
203337
173890
292706
136946
371365
154000
298522
134789
319
361804
353470
333480
53419
304648
302345
157919
5605
353217
101418
302186
127447
81735
49828
119735
95245
268491
83047
202069
221619
67490
89592
75950
166559
304817
261818
49598
290874
218231
185299
108359
220334
110602
198441
201016
238648
260029
180462
288861
377045
254546
144895
336980
91069
137595
33185
259071
174054
160010
196335
147696
80040
270642
254423
226060
158002
369666
119264
267280
270934
174656
55518
44890
276942
296828
113671
340386
150140
113048
350663
32197
138229
329188
274036
265269
273338
342017
118549
121873
142840
34529
233908
61576
80959
291184
362703
347739
135809
273321
178406
110832
360839
342739
197690
248837
49614
262138
350677
85502
276861
158080
156565
277124
328536
377293
59950
291201
312537
56482
234448
211411
162020
371107
342958
209756
46904
315768
118102
320359
365104
326288
262130
374911
257638
175083
240479
161362
313877
321658
56958
111041
343919
301811
19040
95950
27308
160943
46370
67942
254461
366557
88764
310706
243368
304583
206832
247417
228364
176856
105279
131615
207859
260339
308472
155018
81275
23961
155249
239681
297897
260937
223071
354534
212624
161388
368785
51601
173537
96373
269014
136180
353589
113108
221397
155094
208157
296460
101340
290263
154331
300520
54484
164809
229872
360778
154208
299373
65026
306314
189967
50339
13430
35178
64889
75939
27187
121686
372107
149818
310166
202453
9595
289427
70076
242306
374410
153405
340659
229254
110562
255473
345211
134703
269996
143915
166887
145755
280426
181839
147200
113712
105707
352716
283432
130565
266341
12325
150274
271127
45387
57347
339665
116034
133515
259791
301573
89265
120531
28063
260954
203299
183713
243466
253192
360133
374789
315384
123003
240618
89338
99293
279113
302253
148961
1059
53318
366260
267427
109048
203134
69384
30798
37935
96061
328217
28500
15239
267682
352194
297730
51780
333277
361683
165439
82146
205048
127132
238198
346681
113534
282847
371132
256028
225367
31315
4237
242358
110493
6028
109428
40056
14546
227164
276577
66628
145613
146609
84374
229094
339026
146932
248717
156111
346625
68222
275023
91411
17413
58397
42633
289361
134160
193464
5985
270614
224926
372511
18544
246617
44476
194582
66095
176025
270710
317153
160823
274307
93662
303041
342422
42909
64908
23617
310249
113240
7703
324598
112252
50399
365240
95912
286010
303189
44488
161831
224698
289284
55319
249650
145894
345952
67859
126549
277785
64135
278974
114925
89513
23941
128789
119098
260414
231862
120913
100567
235088
118131
192070
217769
72858
246533
42917
81884
54370
76005
271493
133032
91985
141545
232862
71085
93092
354024
144567
76135
271864
237614
159740
3788
228037
213227
312418
200349
310004
137729
300341
343154
247803
364181
251586
124775
259220
26313
157754
301096
7286
97756
352712
290438
327113
245126
222384
297168
207037
366071
46957
20113
323814
191131
227587
251883
166856
327094
70133
107468
86704
106254
235866
225389
32956
282509
228122
70257
306387
158678
51640
175682
277197
245491
139169
333954
8703
364023
140621
92981
288617
87746
149158
367584
172495
103780
74463
50011
330094
26821
324136
183667
111812
46741
355794
320268
373535
147924
53790
8260
268758
298073
193349
213660
69863
351648
40715
238020
84392
12894
376520
87904
179898
215789
146454
350016
194533
25361
101884
356697
357653
110859
252010
47004
112376
335308
106457
325198
348751
304131
148937
134045
277601
94011
127924
286567
342212
247600
337906
34418
252172
277663
78060
350654
215307
120907
266813
31506
43820
317075
227804
361059
56855
131084
196300
246146
88458
43901
237966
137008
229008
80141
349117
232079
278601
130433
14041
331050
301432
202900
197773
22868
68058
20285
320366
93030
244462
107209
244562
105744
69479
41557
105422
194915
312297
213621
239823
169923
299260
257365
221624
342841
299535
40657
40960
290469
150662
270919
330540
294522
8791
370027
12986
9065
157860
218955
121034
318887
286424
49388
71950
74293
248519
350631
165561
63674
349548
353747
66893
247337
352014
94152
200737
190438
7147
328170
88674
233834
295054
70790
44483
142537
201127
308973
345456
3399
328751
5416
19477
362358
161915
252173
14851
346322
210880
270412
157061
324866
110028
105739
48089
72025
185232
68459
267875
71759
227737
266990
115403
55993
7062
76096
24736
12882
167478
268238
144979
348185
260387
229768
219534
80869
103760
308426
180272
296626
74828
304569
250690
11660
99362
135988
277575
182777
222718
135690
306274
196665
72670
85176
56748
347898
263996
178811
341193
39745
254118
376259
214091
206154
103479
297473
71567
247320
81550
48295
100955
164448
151416
190320
236131
367358
187510
141441
130644
2137
269886
36563
238326
38554
204863
312253
124298
290312
246606
331450
370154
319920
47028
146289
113939
287291
282706
371522
358374
125452
46523
272126
51070
175337
101852
63963
138135
270142
18950
56046
212721
13385
283292
146990
15993
50494
158322
286592
224777
110304
258456
228260
252776
352605
5691
238550
256484
340833
277748
165189
118483
153913
278198
21111
315680
94633
120380
236983
3365
126711
326749
226289
364370
336249
306866
192876
222890
355667
12442
253687
359518
68688
107499
361384
275891
113488
299832
216150
16453
215860
73758
367637
359413
152530
206761
28865
216907
237667
47430
290904
224802
272204
128950
371489
194622
79264
181954
43716
101695
42169
109636
54024
174289
366074
156671
11005
188595
250252
26062
226363
89295
317629
348759
207970
33005
260095
347848
184611
156353
300531
150524
75569
214725
278540
249480
221346
61933
184337
112815
353863
128246
34552
376647
266333
65005
48878
18276
28272
133769
236326
23072
254740
164206
254147
82792
146922
34870
142845
17880
196302
310404
55673
159939
121592
203681
240524
172529
291137
322790
273748
332910
372526
100641
52868
38729
163500
105115
170884
367389
335846
42675
245015
290855
267525
41937
27827
320648
209148
226769
36134
91768
319884
365640
303451
90455
345613
53484
67585
210328
188643
56500
164777
88412
95554
188193
353131
241374
154087
196589
368266
353998
77179
200507
59542
141590
151850
325519
306111
310460
250945
169840
176633
188777
313735
357055
253225
208569
35505
363712
41253
22220
77745
22046
334351
201325
112564
119694
213587
335783
364082
64501
298791
84828
278340
234878
372994
222540
96530
25807
41457
132488
244168
106807
74053
71588
15415
296192
27677
162774
38222
342593
270699
307927
313912
190798
307868
270928
377655
89168
301890
325769
218962
102646
255000
228261
290238
326498
228582
300762
32658
99228
119994
206792
180416
158414
78554
325988
125892
121530
299049
246997
212582
117759
203401
108364
325483
1117
247975
267133
139111
124153
75808
182410
285482
137752
345718
263761
333143
97869
142113
49287
88648
366121
61496
142818
321899
111332
202407
298390
361188
369453
198836
108428
349323
362737
13023
149780
268486
190167
289239
85687
88826
241046
261952
66370
89962
140500
87721
174410
235656
316160
60753
239195
61365
14103
57508
159368
229217
168882
50289
212311
99490
199837
21934
271977
163775
315726
137646
237019
279508
135698
53468
229909
127546
223680
26874
18563
90588
218307
241992
246625
184007
375246
116566
80640
251584
142315
324935
47327
150092
147484
83568
208477
125220
185168
75018
196198
197505
88045
82134
42702
141518
269576
184240
96283
92808
299302
255435
326025
348220
48952
171917
273181
316111
81073
151610
123277
315958
168429
212672
116177
72710
108897
249522
197837
244968
212113
8999
32948
154081
170176
75771
483
39334
304150
344319
290563
186354
290715
144796
128816
115824
295121
65732
128579
122814
31077
180078
134075
168350
371480
316788
84187
338434
286207
106923
60158
210229
50421
200763
155238
363054
256618
235787
327447
325766
164397
117901
60172
260376
300617
306334
337483
328220
116765
216287
223306
11504
241756
294725
108823
17054
170170
288206
127226
74154
304512
269200
295407
59230
84448
341770
336005
321058
111869
336063
203297
144286
114103
277198
204798
107248
216428
214121
52531
65299
375132
21078
326437
266455
183092
347213
149696
91607
315880
309988
205972
266044
216778
40345
238355
168686
209010
369736
216156
34383
330583
61487
289473
269214
210590
258260
305253
266598
325394
113206
193553
110911
231174
200270
205243
264116
143753
3880
141575
295476
372099
102420
288957
318540
355783
71145
323150
276721
190981
59570
81291
33098
123909
70544
36633
326897
202011
266644
133747
118696
191770
145446
82457
145398
368197
253827
81697
275593
233812
375907
316390
371321
110716
163996
162257
32160
294482
457
351279
275830
321535
288706
284591
7138
115654
204737
129177
351079
358738
27088
277300
167588
327014
38426
284212
254650
191701
3745
313666
65645
20228
182084
303339
249770
184305
77489
167979
233598
71233
219232
44089
11389
313241
9762
27398
246164
316848
373539
252514
83664
52982
339900
28265
371348
171398
176750
282005
192546
271821
362164
334781
320697
124264
59533
174785
198016
132278
20216
344385
253002
305613
65101
301914
295696
255518
177307
121901
291354
137302
25674
296360
111315
273612
175806
363982
343019
323454
65743
101873
363075
199956
59842
302877
88029
80306
183948
328476
183457
144383
123982
78656
313560
41434
71921
242467
187247
104177
280205
84730
372038
95875
349176
205428
122411
13648
360288
22596
104541
242256
16987
217780
321592
262195
111348
186698
29483
334322
28658
31373
88368
145051
314352
131129
146944
50888
310753
20167
346944
239150
103282
221819
304418
183279
83296
207772
99307
229930
118292
51669
311601
257639
175628
300607
21797
248630
33066
288460
12180
260422
251532
188848
339214
145938
369595
304072
3265
286022
367740
299911
234480
44257
207758
332064
273889
287648
214980
230208
342670
353355
129761
206263
121502
89506
83818
38743
103541
309735
345794
194673
51378
134077
41340
38926
267874
44159
80961
93730
304537
105529
197354
56859
280377
3270
226040
208107
179918
69499
266846
96549
126986
199025
187145
29762
73826
67093
208216
241489
126953
360028
100494
35572
251562
254676
78342
220180
13488
51433
111531
82634
113451
127309
176639
178107
47145
290183
118324
50077
84179
321697
101694
262991
313334
281558
315306
343735
137080
132805
9370
201023
84641
272544
327834
120137
297106
353135
262236
248230
106190
319953
279648
17675
148274
204681
292509
250852
71780
319749
284955
355155
52662
79
25581
159907
156402
246504
366383
333138
219742
82966
340445
144279
36287
329462
1578
243738
35757
129765
364714
283911
135458
103376
313317
47558
219028
358535
76289
377127
101997
319294
67635
219585
287051
73277
342147
319141
108974
261418
229355
236650
154632
239119
160057
249565
54418
349653
363610
191109
35881
225183
230558
192033
326744
283228
56880
266931
254061
298280
304902
184997
284393
356471
163939
6682
243479
64048
151849
141705
356102
223825
170957
322960
103263
63495
244223
163344
261947
146507
165055
191297
375420
34804
116658
144336
215018
270627
177267
41286
129069
15981
104959
50972
72956
139372
145119
37185
94216
259446
341978
53168
365733
252496
336647
202364
233687
1061
226457
304093
216155
213882
332127
257680
59092
249821
341667
39289
319119
365346
48942
366155
125739
259953
373609
163076
39617
74676
244230
334092
302782
244879
178345
4902
315760
233283
272853
23438
266444
344146
152676
178837
79310
193972
10506
373835
354968
76160
164926
334719
368751
367995
153355
342242
363420
224704
322015
172443
323117
337534
9280
172317
226395
377335
243333
235833
159638
270886
339383
253369
121959
5738
196006
86512
250112
264
299370
304792
10778
73715
52329
112929
12605
281915
254970
181227
277946
216890
262930
120686
78772
124401
236698
334690
11100
133241
367658
327416
135548
207668
274125
269167
803
249422
185970
71385
31767
221551
285008
336711
142204
177330
138338
82375
184195
206888
347561
162658
34267
175332
147120
8496
192433
224245
16948
266300
196425
48820
310226
36602
295229
356048
352361
47634
315172
328602
72582
29624
60760
128891
284022
333273
124428
47724
256705
340682
108965
216301
61369
205035
54684
200236
177748
332868
335046
259207
299319
37861
153543
196192
191938
319963
323026
80419
291301
221414
258733
250251
108852
338638
119067
173976
205233
350951
327163
328055
260764
288350
111893
46711
129691
274932
376895
311410
278786
310496
308933
302685
241021
315466
176122
270779
341436
80694
274973
25958
309848
288397
241553
68063
331362
77056
185754
271866
186801
154757
54917
329831
186856
86934
89271
187385
171610
168589
105851
307057
114519
350412
300638
171369
68432
180989
87879
79424
200107
126795
282425
332563
58818
332700
248395
197343
31584
74588
58327
220414
22348
243602
191900
102410
323912
358897
77727
80298
292551
4090
107863
305564
192294
346697
33277
372677
246792
159200
312757
46065
260064
125174
315406
147384
337633
283871
78141
354385
179266
116814
344404
74703
196399
141752
253982
42711
337982
351691
344930
357772
10494
190898
71587
60646
100814
46707
56985
347370
73205
171407
228365
45761
55454
5309
47068
140303
118539
33366
294345
165559
123805
173687
58388
72386
74878
147567
600
38228
48607
287403
50144
83680
237065
363199
184605
250568
169867
95404
117923
346864
235262
86011
243191
142602
198616
127133
357585
84755
366803
298274
82144
185761
186882
42300
52225
71140
136966
150699
334154
315767
238235
258127
108777
60160
347794
171803
57309
58854
300729
62123
358185
190181
66773
100614
270851
152517
359831
120114
43151
235454
189522
362330
73531
34263
50279
285877
251930
356777
335693
306027
190988
303867
217514
345060
26758
185463
348750
160588
126696
73013
497
350254
307433
130721
188166
331525
358833
15837
22045
100880
72959
281994
63095
71873
187613
247574
362316
38307
287883
113375
75695
152207
267951
48243
308163
74439
321030
288478
230209
285595
48114
287209
140829
175227
350449
243795
45729
170557
341398
7028
70796
267895
218987
97435
237073
109372
353120
345155
205955
36970
197906
335570
152333
213461
143889
140977
47985
199529
42736
13245
181696
339854
280980
290112
50353
163423
183540
363728
219400
359032
147632
262592
17162
278596
254944
187417
151583
271731
211046
259306
218098
285614
73839
138082
119952
108681
48939
242428
58856
300859
341641
107415
239804
31053
306261
297446
213365
253349
304919
23646
349607
277878
124497
346637
292332
145695
173518
319234
21541
170250
157560
64188
207016
85380
336208
135406
132467
309233
169115
28931
297783
320996
123787
19641
23054
64225
104420
268242
171557
88018
211822
171271
152108
360673
217986
289889
45993
108028
27402
119317
363661
195531
216027
70511
257168
133346
163768
264497
267689
70899
66244
56968
74086
44230
36673
183517
93636
81764
77348
324403
75235
104909
300694
51079
355748
112361
313543
341611
36213
115857
251343
263582
249531
79501
143898
4055
352062
234631
347527
255107
138702
86121
19961
44138
142619
266303
163360
261930
288434
202337
73215
51838
89824
147162
191681
101218
183476
136732
223196
96624
108785
51029
110119
314861
185672
277121
230904
126608
250054
79767
155665
246374
302974
304109
132006
136482
330820
29538
101526
120518
294548
61766
115739
139919
132389
45518
220817
87427
90485
243770
231936
374499
33458
242557
3328
16384
124112
289435
140086
37510
275457
45662
341847
15697
216751
176536
258281
172491
348292
97847
308732
138119
100388
267574
19484
44651
308883
221479
99226
13250
51603
303532
212115
218450
246489
42292
216384
149630
17314
171335
61678
9639
42281
237036
38927
131908
292944
276446
286427
11023
131841
2108
315340
214035
19666
306130
168409
269763
285638
8944
172420
282681
315344
209929
90361
51882
79876
73043
49975
258038
60068
29991
258353
140804
207642
293671
281549
218938
29878
140926
182171
336467
152597
74623
369798
128461
83143
193150
168418
88451
297615
25597
176862
325764
351357
98355
344398
134875
121916
154948
156732
87814
351578
18682
358037
129696
298129
8500
73987
301730
261499
112904
115004
64175
337678
144301
23492
186200
255436
238855
362576
300148
13040
70581
106360
134212
99822
143476
117229
306882
363962
231979
119885
166140
35964
81340
214203
137526
4319
113889
31777
85901
315317
113031
166657
271991
215049
187791
108891
69267
37711
161607
110752
160915
253291
93947
353423
180195
224453
161028
119805
86763
180526
219782
232426
332947
356020
55213
275276
19219
351132
68866
374207
111409
65701
155615
374858
255913
340630
79748
18377
132028
161779
27799
262826
13534
179837
321090
16463
372279
150315
228323
88867
106732
164889
267531
129795
99823
97475
4255
161699
300810
118089
291474
210232
346473
255314
368491
123121
43695
14203
70559
174013
368739
30726
48739
179738
134743
115849
274756
280872
112129
299306
60775
296905
123011
298595
144441
351787
93029
12903
268388
337250
29562
210756
320953
147780
117910
98400
40731
375406
327277
336148
247755
280002
142828
71210
368752
128925
21008
372223
322102
184545
34506
49813
59166
287937
301940
37480
365184
129511
127280
203116
225925
170692
274850
17784
239091
342568
328953
335969
274444
354990
68750
97235
134810
72781
167786
88728
227974
116626
104746
189083
75848
320191
86813
220226
371016
28885
221702
155413
261981
180924
69389
84081
29844
214749
178685
258552
64283
125214
13482
282246
345581
113295
282638
291439
243123
372338
58752
270592
152551
39971
172942
116728
298371
171774
361090
126469
353345
198266
341148
359156
270236
282046
235528
140446
83036
118709
226722
101822
103380
342920
77623
36984
244426
203840
271680
99530
330564
129440
37951
217482
29162
256707
190955
371394
350783
83276
27657
245658
34012
214340
150749
61939
290777
144169
151062
194341
231899
340215
262302
128940
334615
270000
159471
237733
149637
80637
293768
184336
301225
40147
333280
5403
230987
217892
309537
100768
136045
79536
177854
229386
42967
52090
178257
58256
57784
178492
80048
10206
363921
341600
38473
209914
85201
21232
106207
293125
295300
336111
127121
148546
209486
13773
372693
335653
190082
232395
329160
272705
218385
297392
347617
302140
373121
201147
64969
182338
19285
55458
111889
90532
285997
4505
213508
92437
156493
136519
29076
76238
349442
323851
122919
316671
236669
309758
121766
217388
337857
344416
371703
266053
304498
31806
321917
295835
43007
253392
141470
16479
105064
42699
88087
143943
262887
244927
235535
183795
95609
55
328565
23630
302142
208035
330426
78558
210074
229091
278931
97904
326275
243289
86695
58619
294203
341004
299115
301347
166946
321982
344895
359710
179350
206314
265221
238168
9497
135188
43398
375070
210508
97427
168013
4785
368249
103789
243532
222886
147739
305093
245682
39003
375175
38392
318692
26563
140856
271873
240416
257594
183211
268283
179582
65257
12576
95213
30898
353302
84373
216728
208617
181743
223910
210593
250266
119303
138612
182821
196315
375753
277060
105573
104506
2554
81559
358545
304053
214791
337768
197109
271425
224019
81545
251132
74491
155006
223413
79324
53588
139326
370940
295587
4995
273634
206185
325741
334314
263901
144277
302991
147051
7578
371848
173357
284428
292399
191065
347836
146731
254641
255667
373285
328400
44538
347055
181969
131099
223350
170525
360659
184439
249363
155969
312683
207224
292010
246836
133096
50555
288140
192895
316321
127065
350140
312677
281882
205757
182493
13981
275809
30212
89175
275904
182508
349658
249678
69241
119630
47590
141738
243717
269675
176857
254490
274259
264251
261778
21798
324701
156689
220087
180330
35968
285916
326653
101955
287879
198826
27301
310348
367147
323576
127192
257881
286557
16967
349324
181018
137329
102436
253859
7168
199307
92414
67012
352917
336167
251522
310462
363039
138365
195796
332145
304240
274
235266
298419
182816
216305
13904
286940
67253
111
114019
139524
283053
306492
274547
1131
316240
151230
158369
192791
8127
186020
195331
366397
312795
192741
186162
50859
81151
320945
44939
343479
244745
48150
64359
154564
41467
320784
253716
77367
103875
141161
63379
259776
155390
147605
367463
95737
331715
215754
232491
3396
224794
377401
337756
284577
216598
366767
254245
291651
218167
118947
271605
233270
15454
190210
298453
223111
140673
208731
173112
60021
40128
31189
322676
304614
133372
161500
353266
293800
230272
13655
188421
331641
307587
345549
227109
170588
334609
103270
74795
16490
268282
348030
371052
282670
26946
149487
360579
261346
164789
192728
330382
314478
3286
362833
228131
15074
62572
173043
321192
209777
326305
84523
29449
331381
304101
58617
316272
158830
29305
74216
350546
354142
267498
191945
240734
34269
266820
120478
75673
102850
160071
218381
191667
245481
253758
224776
245887
239694
353176
35657
37210
48244
357783
12853
148628
6083
15348
233656
206211
283845
247162
323030
319526
18207
139389
119038
299953
165133
2363
357156
164790
210014
69922
233214
51683
250553
374483
45092
336428
73948
364953
41448
180252
183203
339480
376039
80729
55119
243497
59963
278068
65009
71604
29573
176711
22536
356710
319952
240386
344086
74162
86715
45350
303939
6539
40599
39199
26118
190774
191442
9624
327309
59837
76336
268479
66803
98052
348238
41791
26721
354513
132494
7898
59124
310792
202501
111418
362021
170545
362114
40443
278756
25074
126527
277695
255716
31663
30524
318450
25884
54543
263193
368126
111002
35489
316114
129141
362962
343769
95673
225666
95602
256370
328578
58426
264456
136959
368321
227462
44776
262203
305633
1246
9379
172962
57626
112411
339542
343422
240394
262971
179500
224785
4468
183744
249991
137299
317430
348881
159216
267693
135143
137083
345827
120649
287890
266187
312971
207950
189938
329102
14208
334888
15410
21210
141736
358417
228034
32925
155326
26615
256940
104241
315792
307687
71172
119232
238162
312171
149825
142299
276359
223470
240100
85806
65765
186563
179077
210650
371542
228703
208667
342953
315731
319651
205589
218122
316941
203287
260518
327840
293339
91663
320313
123881
321166
246458
281278
24079
323732
362423
273696
60213
43732
262260
1920
357852
336441
48725
271489
91909
135597
277654
97701
34573
15961
36785
19653
317411
77168
285599
340702
124720
223483
126765
210899
176740
125355
122487
249168
317253
246548
242361
70444
188744
225235
80399
325065
7210
367173
168743
127342
132309
205057
285591
168990
279168
307750
164372
219413
39059
43304
286583
303034
203320
33223
105027
166206
280546
159315
110178
287656
119470
111959
91540
208226
191369
14100
237933
187368
319011
258020
20152
121279
256924
312178
261577
331255
177840
275914
184746
67148
256447
70334
76920
246069
18502
28519
35296
240764
167227
33254
265327
1916
184738
245237
38839
203335
318864
73116
328136
213233
286972
160162
261208
350494
152203
243231
264934
305291
140879
48208
17758
244813
41811
96299
15867
222377
375064
114399
316968
140362
142109
213272
87392
288256
62705
312764
163624
102244
292054
67384
167661
284679
12238
189200
265189
234479
263310
23118
166588
16123
196448
211604
53808
349343
110151
142078
349633
313876
8582
265060
279711
192274
12957
165081
19097
336386
29206
356834
325680
30370
150026
228304
61055
98944
261754
130010
100796
135543
370834
28831
85468
193236
197882
226268
196866
157357
308071
124241
270438
186281
30861
1289
325779
278936
157016
62639
329860
97491
65498
218337
170447
11872
305537
104423
261748
208549
101094
370993
246513
303175
80712
165724
203750
168635
282365
76820
319361
276301
147082
33225
262361
51869
226139
65211
71132
151283
363002
69491
82296
330956
338090
157608
312270
176640
333768
341487
135830
365143
243509
336442
196879
276998
5370
244445
190319
176601
176440
89576
361341
261836
222003
40286
190011
226916
182317
7341
283673
367757
354624
13062
56708
23768
72148
142046
68887
131135
105655
346892
300870
300626
199836
213210
251881
344182
118956
135719
339898
5316
313201
301921
130004
75660
330184
38283
280670
37046
190706
29311
186687
364196
177067
370860
72514
49903
169277
199728
316882
203485
103454
78282
51797
231310
343532
320898
35252
351752
194417
316432
47492
339874
193489
100415
200999
153956
24138
120402
215544
212093
200377
94820
269687
18525
34819
328498
360957
354455
133713
32688
76104
246126
294173
184819
90783
59458
280083
366890
30496
300951
225991
100325
231322
189318
177463
99566
301363
28971
369952
229968
346475
305078
331520
1386
53184
355531
243180
112604
37014
215297
304022
305744
306267
232859
197014
122516
315169
270859
168528
233099
100060
77360
209890
53177
218347
301201
108714
246142
375249
149199
77779
375316
269882
4819
45397
252470
38023
19891
159121
87333
94276
320551
177892
233225
359474
271218
139137
373365
347801
6423
202845
376957
133727
255597
46642
168865
116584
311087
56221
338431
209430
261688
270658
61356
179792
79836
373081
281315
259728
191329
229806
62753
252967
116426
112632
51743
194691
235657
165469
121213
166196
367250
190993
102868
215730
224631
158792
286421
304716
81744
274630
263304
316313
121484
76691
127395
360840
265719
361525
373836
224080
4149
48278
194654
73746
180642
124505
27946
60866
235038
224240
93033
305824
211121
65873
3862
76590
250396
71163
270840
36682
283837
151269
220402
184974
80866
72047
336407
149482
342248
37493
83885
247986
245620
38349
296418
254068
4038
114817
34485
67472
104760
250472
376214
241510
216296
245599
255938
12373
327591
302935
40709
249037
231684
56028
164162
322224
240556
133181
318952
197480
211372
217764
173727
267451
245014
231845
252036
105331
29712
238573
1548
175073
52367
208312
96427
29144
367579
192556
376708
159592
289353
243806
84621
170167
48875
26277
146878
260184
213175
107430
256960
276128
173475
69828
19059
37194
344283
276715
110812
281322
265526
166053
200866
83413
351035
362397
44838
113940
210903
302917
354205
320020
208600
160369
52189
89252
314201
198298
45061
362818
341419
306733
182482
17410
70536
169602
107400
115699
365599
7839
81970
241459
288168
39594
507
82948
114442
56754
190548
129403
122456
148461
137237
62894
74486
111705
309707
132978
48341
65066
107583
67697
246547
69201
81409
354991
50532
143192
56366
265944
333274
313349
55553
224039
333430
35077
65317
119568
324163
5737
225476
43926
122933
3327
240446
187864
111877
265612
199122
37617
20336
171044
371515
229827
374583
187610
212158
319193
292305
188096
4524
283967
333267
207184
8522
346535
179746
143043
172876
355920
166235
1957
325938
265983
110088
373282
125815
277278
94563
69817
200394
342058
273349
272773
325675
343618
163245
293309
273822
319689
1184
338249
97778
298032
367203
168121
274329
271431
177423
212595
69719
257149
5928
112617
354823
37705
43654
239401
240022
70321
1382
25677
92995
190446
41029
258185
172176
104544
333448
35018
315540
206934
356231
11266
331846
63708
175020
242919
191281
12720
136943
25737
318346
83801
174097
147121
44606
206210
261906
280826
138588
57039
197937
298238
359742
324918
106802
349612
33008
60857
276378
353878
40396
171011
272247
191809
184988
198461
54221
192088
93581
343566
117494
39170
26100
234441
179731
268463
331277
245945
313740
68867
246622
209622
47204
356967
206057
352028
71395
56226
336672
250336
298153
45724
342182
629
350462
335991
283070
146743
117501
146866
79568
347774
208198
76161
85826
233610
334113
216859
307625
113675
7852
235772
292471
292760
132513
195066
117844
302089
92660
151713
230507
371589
271391
332599
376686
200493
55731
252354
338209
11593
41867
169145
255905
178463
58054
286216
125829
32989
10848
372162
46619
266477
215094
52003
153922
359495
175194
5868
308278
283757
183384
332197
152313
50128
83525
168397
16612
293336
19967
241772
360317
34872
189284
270157
239851
208124
162721
286733
198265
78108
123742
360870
167272
332159
144197
260505
181943
68526
241483
242079
63885
252112
252364
124698
206594
332732
16088
95296
232334
48169
237728
308778
133063
69197
281267
321970
237418
177244
67166
291327
157701
7164
51709
46139
164612
131765
59845
147987
102300
339942
168331
193129
267094
3146
25505
163482
261972
201694
305875
220077
53153
327091
228405
145215
194424
318016
143446
70528
340147
168715
8038
222278
212375
286975
59406
73727
51656
332208
140496
221248
98841
6175
21502
154742
327663
65886
179252
368596
176604
311535
136082
76488
39087
190077
86941
281836
264026
58227
154189
355926
270952
205139
330240
118493
319392
33449
292860
196070
238317
300358
67723
258531
230337
118723
67201
93006
58805
268964
55440
248283
237202
148474
276030
8191
225622
126408
339968
106978
36238
169030
337294
173314
196270
107980
313945
177242
183965
140483
30942
172748
77804
88906
219721
37928
106223
200186
198818
330129
196932
184415
372491
216391
15705
149648
188221
305368
237555
115755
206537
84853
76791
1551
55863
181642
200219
82142
135555
120294
282584
354015
71308
288151
225247
163117
189535
248536
242921
60939
214068
317784
28038
163610
151454
313734
166636
346268
42856
188041
372362
113487
27520
317745
153022
289086
127625
294108
334477
3186
98237
66946
77300
266234
269849
130000
346140
95550
58319
303945
321985
95859
372415
274584
259832
365316
356839
283586
162941
255451
329017
254995
74363
5032
172068
337363
274297
375265
239154
233197
237928
109549
107540
281300
86756
204501
71973
4254
229317
68935
205200
81855
294174
142311
271838
325932
139530
261092
16330
177774
156458
277786
4929
342081
111074
55455
314328
9405
192848
132782
316047
153151
149328
372466
329040
252430
109423
56473
283414
186285
184117
206368
333732
355002
335742
266864
178746
1337
233527
324878
277545
377514
369495
36414
82546
137488
104063
55793
110511
55461
214225
127701
251214
300463
215881
355941
165130
322867
278748
108658
326356
112394
35880
115630
196128
235369
5291
133633
102407
366792
156625
7627
280344
247232
277075
193627
358722
20466
225400
148844
197595
978
344224
159267
326662
139630
171010
164909
86377
354002
326099
224537
63752
58042
125801
110503
88478
93113
33414
186915
59888
212353
18852
7008
185959
127514
246614
42563
310967
368451
243298
122610
205131
303006
226332
179092
51515
232854
345558
92187
232594
98527
113236
207912
74468
354137
132809
202714
17994
224953
268848
232747
332307
96931
19976
36592
70272
247790
298917
100024
179267
166180
357860
262676
128849
25962
64835
68703
211660
355391
114879
270301
138571
74952
185374
211574
323719
4314
78336
190577
252476
154570
208271
313364
196078
308036
105809
332713
79342
243060
160878
200027
296940
317598
273531
359288
84056
200446
33298
77671
362061
218750
33603
290939
341529
325477
190099
6
343995
91091
96623
179241
89337
221893
832
176384
218152
251200
177514
114407
198466
311048
53207
253925
335152
47171
328046
364723
220603
157843
140738
6674
156028
269228
181282
7183
46225
172627
329804
14593
41027
142625
173137
245325
215727
210777
235204
310064
100859
91436
189390
68548
112527
46185
284704
171978
201006
38192
195036
187567
299762
303257
235105
316248
297289
340473
136745
163338
325972
161647
283712
73193
114848
104459
35102
100365
363783
314484
16210
125140
18795
175162
277043
123989
370937
308827
308529
354063
230313
86151
64731
278561
18858
278450
15593
58308
308723
16099
85431
270
125756
365320
52362
150194
7253
73435
263689
67191
103689
371187
355653
323662
54907
292092
220172
135181
41131
265132
18461
110617
24117
231353
103190
73687
223960
121829
301240
155223
272468
196148
64070
108224
61419
126869
153640
176562
306955
260669
303436
109011
289565
81760
307664
184969
311346
75672
197232
201936
87040
332069
94258
128782
78762
192337
225404
181459
340960
124977
43228
153992
184149
172754
111713
256661
202452
29648
159587
5611
189439
291868
208512
58636
296253
204642
119596
7226
225111
131124
39948
77843
73713
110293
196940
260552
131845
330842
174584
127965
167115
226325
72656
280384
231444
326994
116150
267197
8901
145837
34445
31007
133758
239101
167566
64319
319783
344289
79738
370205
30380
60410
306953
330875
208007
233286
281163
45270
26051
347487
145705
7528
40279
47420
302624
45033
190405
169330
277150
210558
171792
172922
191762
252427
266894
108234
49674
63941
331171
216082
71374
208997
174688
335659
215047
115159
278497
214706
314849
339009
106055
179505
249017
29015
285294
108506
228922
245541
24692
183641
179054
332976
255387
302207
187140
91562
166996
354719
215206
232327
239111
82080
118394
32350
3140
133516
271563
207780
358737
209021
231350
162969
267769
285635
30593
1472
30968
121501
233761
285743
345928
133974
214831
275629
367618
352204
164264
304960
55520
198415
230150
12416
244333
301364
54970
127117
201524
80642
370616
80057
341904
114
343498
339416
126309
119371
127084
197223
217982
64058
84716
33324
247893
290211
132362
78877
3655
334276
28167
98085
372761
310113
341460
260754
125472
273656
98665
70300
29792
95193
3972
32563
120113
166392
200245
142339
164713
348004
44604
12608
352560
317761
346553
196931
280844
181229
133681
134751
50259
265193
119953
81333
198492
17027
287391
220490
343328
277205
83595
242875
20348
139978
234215
9857
310491
129174
241859
217952
295230
188567
76529
127067
11413
269229
123252
269658
25649
67959
352457
259645
370697
168151
83971
346323
174699
67044
303211
369966
367429
377509
201737
476
13692
264175
372866
199113
131208
243008
252127
224937
245006
129207
272950
112986
284207
356876
51889
178951
42459
118008
284977
24354
341855
152516
329295
237612
342412
79781
371877
172938
73149
26464
222720
298316
42838
201835
232815
357257
181369
40583
280109
23067
375467
292933
20344
236610
362667
374487
314324
209734
61397
249893
61972
288073
145821
276817
865
63108
60082
285317
284904
113946
91582
265036
229842
341848
92865
348118
333932
346333
102199
169010
123467
198039
351516
57570
268328
282210
294995
336735
343073
74885
354421
320502
235391
203965
174965
294545
213943
234031
247533
44668
61689
159716
170360
299444
165056
93539
104094
358099
205031
243589
127165
311867
65440
375652
23957
318903
51401
147269
160402
109148
87001
252084
57220
362539
301849
179018
317892
206385
269767
331977
361194
20784
175164
125983
331918
55477
319456
280442
104674
155190
286184
271642
79785
238215
49759
77864
173062
258249
274606
270154
376849
197024
132647
40299
49678
57498
290774
16110
135136
145666
53205
119480
284329
110418
18250
50682
94509
20551
230027
272184
331121
69015
188605
63943
135091
169552
363859
9837
97724
244492
132431
193296
211629
58254
92069
182785
28307
13355
187890
169479
55543
211691
349699
60528
74145
192383
60655
237982
90082
77402
42911
355650
369116
202952
258311
197209
372505
295763
127727
100080
278248
98172
89462
57829
89862
224575
199364
146457
241955
190963
167990
80470
124455
339658
174577
328691
303202
227915
352908
75205
33745
171200
108814
306104
242031
206015
167123
192705
229214
98226
155081
100449
233643
102440
61123
129316
202738
168645
242680
41762
340089
255956
191351
153513
91132
63959
165986
328269
143493
64289
182442
369109
179539
39072
31537
211637
32319
132699
320113
159438
142208
143419
159850
15397
36495
330282
348744
11143
67345
373242
373955
217175
327802
270337
112723
310306
48186
50460
301092
297576
132876
190021
172367
205128
171488
163409
51117
182314
361460
88976
357889
190613
372310
236674
128920
114712
101869
152401
263263
133584
72245
205204
149460
185825
38698
67385
7812
375186
131656
11987
2103
187505
212708
68717
1661
269083
105983
302876
145784
189734
230389
363856
144911
110694
107250
368251
293088
102429
14610
86475
310738
316075
282632
376834
298006
25063
344792
248517
88576
183854
240820
192379
149248
202278
278934
32328
144914
183764
131031
236953
145025
86618
16981
153396
196264
164476
92390
144760
229220
110348
281410
279469
40726
244137
194441
161139
34516
112369
252728
250284
262338
102946
130890
17427
335881
180594
168682
370347
180618
276162
320843
275569
60769
315368
350305
97160
263601
329584
133955
93676
49351
301436
29005
240253
192232
227147
140691
262736
329072
87505
23171
130573
299173
300912
212462
33159
104382
104078
17429
68165
241230
322974
27992
319739
69329
137659
347804
287309
172745
360128
358578
325214
75224
72335
48641
107817
106522
299844
265238
6856
355824
332067
133783
235125
345505
22008
97792
186093
23925
210194
222410
151645
26734
192719
88063
290350
365785
162560
107458
235327
149561
307471
307062
313452
111695
140333
67449
332852
271603
120041
179385
169156
244926
238072
186816
50784
233079
248346
71795
263356
170767
360890
291197
134701
160605
175621
212370
81778
307555
161185
63721
220235
265744
139681
219657
49690
128490
216087
226803
283515
275148
321950
221392
364977
32896
292946
8551
242966
213639
361315
9124
148012
301203
35098
117465
334159
85953
345251
257777
202207
276614
130834
368656
363909
326791
30390
264294
148421
252600
259996
276880
300851
128495
43804
42788
167080
160966
345543
85040
300726
355330
54969
276117
107462
288730
349845
251707
229258
342758
370861
121630
100586
30753
254846
69769
98207
305836
42358
229781
373177
94826
316002
281681
328188
320335
82247
350526
85398
143447
165926
111161
240924
147729
244401
123175
147436
374668
339674
212347
303221
3874
265656
306535
346225
208959
300165
89377
372551
181505
179604
184244
324236
274439
314520
18320
155960
367430
360969
4951
16416
335712
220379
187240
12043
125447
234288
374514
50733
147874
292393
327674
186492
265549
260782
172629
53199
187004
61952
220035
85050
34655
316615
162643
313128
54667
328974
165266
45884
271952
305748
89690
73961
348005
340505
259253
123639
72302
126292
16304
179774
285083
12284
252918
49149
158086
59256
337268
211427
273559
146972
116603
49282
348731
177556
275495
46693
206297
62134
224877
193071
98843
122427
148769
273914
326987
157955
153210
244314
84966
103229
7789
349312
14029
336399
108868
307111
316053
89594
271287
18485
323572
38702
295713
75640
297784
312907
239337
182707
116349
376843
277983
338927
262867
80231
170252
9338
77069
341731
124572
303363
43583
13004
252884
199776
340775
198601
366441
328670
151994
205316
117311
79526
15659
48575
295203
16655
111016
158586
121884
274251
349967
50806
211254
39433
146362
148501
210176
174729
18516
41994
58055
50197
168127
227638
256167
267032
324288
32708
151690
40319
321874
89144
187300
24073
314241
181869
284462
251373
332272
358530
224502
11414
367274
107677
17687
288400
324011
153301
287978
15377
334772
152320
1037
69414
93862
207945
262595
293727
210191
187523
45804
274514
101
271176
320362
370011
9525
243064
212103
275531
40549
235690
161147
354792
82813
344835
285077
206272
311275
178088
143747
30191
194512
286827
290941
48102
105892
25222
207768
280194
220329
246710
210331
232370
242502
140715
168103
153227
89724
339269
191783
350088
144770
134211
99021
123617
199945
3357
309974
126853
12447
178741
160682
191960
317726
304833
259312
330524
193420
5317
247915
60785
352356
246380
70848
257320
253094
201955
330833
280981
278197
217231
250859
178450
205467
245303
146625
2326
235629
249845
23597
297694
114249
211521
49186
106947
102194
164490
46205
244918
260210
126319
210260
139652
111384
335137
105793
106791
374806
93487
216773
36410
267672
27408
155140
224402
229045
8653
24105
270576
108531
135829
148978
141273
43933
56457
139664
257815
376833
93273
20001
167147
179313
101287
124602
339425
95997
124235
303673
248419
355069
253218
145101
135245
101341
80918
34361
198397
113176
276827
159608
154905
65344
297220
226402
278168
118801
309283
141912
363740
338404
371932
172688
186269
336716
12079
82129
127866
123562
116059
99778
49384
194987
16587
306965
197172
233624
24370
342788
278291
97439
131045
117167
315218
206179
179418
339812
292940
207662
147807
130651
163930
71869
56413
303066
49506
62241
14849
290377
180927
9102
267514
127655
113610
140824
372307
120027
139199
260973
110007
147687
270281
209625
94614
346089
49743
62625
77436
208437
52048
124187
279781
142333
242047
63171
324895
151946
220647
240966
21440
340914
255180
125288
238507
174288
348515
95223
353509
242373
229814
175805
90503
5506
349399
272048
252297
314563
31067
198028
109513
364319
290177
234155
353243
246019
157052
224407
6265
42237
213114
123951
81877
217021
206642
209733
104607
13749
294959
51600
71030
274774
326827
85184
20237
175670
346336
57919
281407
161828
247262
331461
126566
79589
168104
257194
309637
310191
183272
182238
341346
42653
210308
277424
104952
242238
6292
327940
330529
178892
220560
324996
235573
375302
113709
106287
207149
96047
13174
224741
127502
247087
46347
270466
203007
371137
352161
192541
215155
375358
14797
85046
212226
214915
373989
356397
258138
67754
365160
261658
286347
244564
321193
58596
324884
83759
331663
156849
84743
177460
101376
80019
277772
311160
29036
356683
144846
197955
174354
296719
86834
307813
268558
62376
13053
47540
139407
180931
73643
313259
213449
355951
128533
253041
244945
259721
203431
97368
252563
97183
68299
284992
361930
58545
356718
52110
88410
55992
142529
255340
6604
91143
276205
358462
147277
135451
356544
66273
293829
288672
26245
33766
6437
53164
237133
281590
225486
179844
341771
164141
55806
57320
344110
152109
331509
189025
260389
153657
92388
342883
66344
2167
118652
24344
180030
214050
295220
151379
351066
294799
108626
97332
204343
235283
230739
307506
97375
215195
166592
350521
292363
56068
155293
221145
13046
165353
208099
31523
48211
6929
352531
18483
99817
297407
270192
21512
161102
82796
149390
206677
286516
63339
208800
324582
322289
100803
211438
169852
79949
96015
213013
215900
15056
105485
323411
160383
338175
121616
264165
291373
69437
156489
228843
354263
34644
63395
156623
99009
166463
64724
135558
122755
292417
319901
243124
308223
352315
306665
315427
25546
159790
115274
107725
1785
246519
131171
86458
80579
174030
372374
189419
259284
135599
52357
330623
308227
214950
324695
253756
87790
295025
319950
165591
48497
374259
261735
346802
277476
236271
221070
55098
301054
257315
351197
201224
218947
272735
274173
361438
320712
51700
374020
43404
111414
168186
16410
119077
179417
89424
331508
48930
73801
256483
377038
264894
105243
12077
77407
225843
272890
31955
43489
258425
52448
332059
40273
339745
61256
35211
55129
155908
19465
329754
277222
46985
331685
125961
309880
265094
180051
72014
280176
74581
293205
196517
83377
351366
64348
112728
51065
275343
249675
326550
352972
302505
207087
127259
185823
159601
124481
357737
295394
124323
226330
63624
313056
256111
311317
196336
367462
47293
171634
136727
207080
130128
66284
4617
33434
58107
207366
271570
269794
154014
177625
348428
102070
334400
360621
184345
22503
372259
48828
366687
34023
343449
259836
31064
42820
262245
228684
15122
347165
332819
143780
232105
69405
237654
76572
226817
272525
196214
282070
48027
213369
178850
285812
194612
184824
100672
53607
345661
288451
165839
121134
97338
196471
103491
300811
159478
308764
164365
205861
261489
314163
154469
26833
265854
151897
374135
272474
330292
369285
165991
351114
31191
295382
167130
130926
92420
144674
180529
14251
220044
255549
247823
336912
70039
195475
186734
281575
160540
121194
76012
149680
121170
286671
191091
6704
160292
32018
131642
216574
79921
340222
74614
271717
55185
199771
55659
277227
272015
44247
46931
361363
218634
369765
149184
370128
41493
300706
207145
39555
122438
62631
318092
310110
217278
274219
307748
114263
100660
80624
236875
299604
350913
212748
301984
217276
222813
253050
164509
316558
352894
238813
59620
13868
34890
371111
20025
210766
346364
187571
338033
293148
60065
54827
70089
25395
54864
101676
208853
90038
335508
118129
370091
268725
158641
133796
231272
242213
192340
256725
301474
42407
264890
370484
123097
151482
122409
75971
144253
49328
328682
157023
89902
342882
293324
21302
334016
259599
130091
360183
248019
182299
150421
118219
230409
233490
102120
259205
257313
222731
302631
303055
262617
155737
147296
109074
204486
243248
115313
112447
356561
216458
262457
200891
323193
180016
22670
151079
354774
58638
291462
182019
53222
180893
31291
205480
293827
45990
119203
335729
8852
183979
243939
144272
154405
345576
263260
303293
27867
5133
282010
26022
122627
175495
170686
52155
111627
10371
254668
173486
129843
13570
146845
108005
79547
113495
163651
20700
93392
172943
13813
289442
73505
283832
182308
128432
129501
23267
81046
376050
173059
373479
236977
122408
318386
323882
32589
87478
30564
352474
11930
3720
197333
34421
112949
185096
542
5597
278169
162137
358857
291526
241346
272299
281377
316620
6317
327688
117742
339864
95728
50550
251428
25002
294223
63038
226142
89916
296668
196436
270831
152315
371431
344164
274062
87444
73682
55686
273609
296611
365824
62892
330971
228082
349144
78423
87405
318814
70951
149130
4064
70250
70397
35479
342838
48138
103913
162682
297725
282615
10837
207734
272820
152783
306993
2063
59875
179169
119140
45792
192045
94206
51973
178759
287831
105493
297644
260985
13165
263098
320526
46722
136788
38761
64232
315716
268333
39835
81105
85301
289800
213277
210723
287692
30076
74034
289540
42750
281502
200386
56087
2090
318874
264289
306259
350329
157943
296415
202691
245441
345755
322031
324987
17530
342
361253
166419
226565
310167
305876
180434
180703
88123
281768
352584
111521
372000
158478
274617
45934
132711
75653
294355
284184
137519
53249
83283
139890
228175
18118
55101
92216
372484
113493
134537
69009
78738
272616
258471
283932
153755
22406
338319
132735
106834
81180
98686
262926
278110
220831
249070
289722
19240
6244
26886
332749
173082
242777
109188
176713
220891
143169
222223
25745
51508
246602
215926
11644
113378
23297
102237
315888
255319
145226
342431
240486
287499
10124
347333
135853
240429
208306
127926
89103
181365
286270
14334
348232
234059
286384
127025
242962
319592
260377
33813
162971
19608
286027
97718
36746
283499
171140
88841
25307
204613
30600
302413
222375
280967
125286
343140
34086
13982
119143
28172
344347
224543
28235
198671
216344
172059
37057
56241
37470
129443
213658
60491
231431
195325
89234
241091
307419
362983
238046
344532
175803
288355
17857
139923
145490
234951
145935
232965
6943
168006
288343
147382
285114
196532
69981
62969
344021
297236
21443
304815
198011
182061
137853
42102
140067
159715
127759
168230
347014
90872
57782
141593
106633
207169
152978
40180
98474
80722
217597
220714
297301
359614
137944
262869
319974
118497
150916
183176
319197
363619
9632
272001
109682
374580
54731
211663
137645
134961
327559
283523
106992
55812
99199
259046
366626
233134
91873
346347
206208
235482
229724
246563
112995
58656
369766
214433
323376
156015
219858
219091
251502
37374
160251
78553
133996
208560
180022
149846
317797
205733
24367
196649
230502
206012
50639
278951
30665
189468
161716
260697
139249
212613
8841
306510
80095
141170
322140
235854
192116
139084
139897
178791
158089
140504
188345
29568
292832
30200
285714
180103
188586
245508
124555
288734
227237
72679
226398
185924
4901
22674
188727
24534
248638
290592
259531
112960
62671
15527
185910
52671
210668
324995
309189
253944
259872
355785
186974
96022
105963
348565
356438
202905
85372
44545
87067
174109
106336
209897
137614
138636
340063
227792
33673
283129
312179
260671
172366
362404
108579
62239
75953
17226
172092
2646
333793
216768
286990
20782
243889
265196
283055
111584
163198
76725
2327
210109
160633
59245
81592
226504
371568
355716
326564
244088
55961
220660
356745
93481
126008
226441
39799
82790
87262
43527
73603
257382
30851
299505
51929
285129
266801
310868
230870
364423
127752
134528
183390
360179
332757
259773
329464
365543
175180
140808
140786
159082
324015
252987
2747
160015
207385
72493
84253
69884
225667
5390
52054
303670
13220
338915
62911
26564
245436
291633
189518
48093
377115
168726
34778
102475
215898
218107
130304
247472
146359
311515
152492
323410
358774
142663
271679
41206
258911
93628
231773
222069
81023
317874
347787
251418
174397
361988
358548
114940
163112
338283
365418
310200
373152
295725
331633
245664
338040
70372
242635
183338
333406
218687
307365
292626
16507
185378
270827
360449
354374
327747
245239
28367
196733
78808
70696
162102
245108
297215
62086
210511
256171
285751
264044
334744
211992
333071
74575
358821
239695
73719
340196
331316
337610
3014
78460
61911
183758
232062
335129
215148
330828
129702
361544
136011
183359
9073
67641
9397
148311
138737
251421
202957
182030
34164
336676
192537
153637
30622
371004
376640
122196
354848
48652
330487
125920
199773
145957
199282
352112
102472
125259
361864
206842
205627
193517
364771
151219
163608
137778
194156
142647
367234
357157
324023
242027
303842
124362
107313
295973
156527
27401
8434
218906
104862
82558
212371
279325
13367
76185
355355
301983
285985
265893
87338
277730
204892
97286
199418
143
150815
204984
73903
16388
252680
369600
1365
148136
19156
267847
14807
30918
300140
311805
78417
25977
226757
143193
347549
233546
181474
336425
290675
128601
280818
90446
292628
235347
108196
113273
260333
19409
105375
166505
197696
253657
47230
106104
301312
348846
85918
191186
366460
282393
93580
227180
155897
46490
196970
122950
67072
179626
15928
100271
357812
275244
194963
274500
117337
135833
189898
91506
337362
190182
369875
197499
305640
149137
216989
176270
216636
145426
373714
298827
67346
286418
298079
127525
277532
130387
237876
275836
170138
104366
121591
301510
183247
236874
245977
278218
117306
79292
192869
123186
77428
183398
222060
134307
146807
195146
105292
248539
360286
325524
211273
124524
79478
68967
369777
97663
377050
205253
15394
324819
1280
49815
114599
183618
205848
329648
300885
130713
41979
17408
376357
177787
38596
329057
216141
277013
300012
202144
177004
191284
308503
243568
309615
209303
334907
97974
274513
136923
257459
363393
219998
124055
128802
268464
29257
60711
90272
98430
60430
330801
375549
320482
255054
94281
255937
35618
350145
13880
343338
355346
172823
99138
241952
141192
257327
100891
346611
348059
46101
252660
69360
179303
359193
312444
211980
4072
202253
289883
238664
315349
307067
136372
305803
90296
148932
365619
212033
272941
298580
295849
152432
333537
271807
216951
191595
97027
250748
20179
278163
291013
289331
275295
218115
2802
125501
114295
263112
152200
258387
319330
283686
122616
48578
16920
26882
157875
222661
255490
362081
364758
110798
157821
350916
289057
343861
207736
105239
245147
36584
93207
341491
339622
171793
230761
316182
186092
329732
137343
90085
284969
230529
69047
279337
39179
307012
50883
371763
118592
160096
272110
231453
160124
229155
285642
311040
155909
374471
218737
372122
251012
170880
359737
106344
244747
244504
11669
301514
109498
163942
17515
278011
152213
168843
301349
135567
329731
80229
374518
146460
99106
337388
123844
2106
106826
198863
131150
362767
376225
23953
234890
8248
214487
112154
161685
148157
142294
314785
149372
117616
93816
327383
119668
251950
231103
58036
96028
1126
149280
228007
95040
113687
90220
126096
176020
65044
275274
163036
313258
78811
147335
295447
254705
157408
325801
85354
166255
309023
212217
140503
162291
239320
1185
368017
271326
4549
252713
178252
165191
90136
225440
277021
286165
302351
341868
248205
207207
161874
328539
376613
249207
250161
25671
114479
201687
271904
309464
327665
355322
111753
49044
68153
3714
58601
30300
218284
58704
28990
122302
14343
328789
298485
355471
5520
341422
168
24127
352741
57131
22388
239005
150645
205929
183638
42405
351736
306055
275807
339008
22946
80530
366624
377136
250604
3236
270277
156753
284813
188597
67110
377695
348655
229953
326385
87229
239951
148955
74624
73150
248255
371551
1010
336645
117701
291009
331899
70887
361393
199117
146791
164876
339839
114812
27858
314011
194422
348138
362994
110808
47515
13883
48200
71847
321087
350543
77715
336918
56340
266793
344244
201203
3061
72975
113122
222584
75887
206328
366785
217233
104418
95339
209369
84636
152560
135127
81443
313719
81231
9513
191312
194101
175611
118785
302490
237776
66667
50567
225394
360996
306266
29066
273506
344266
11671
143077
4822
222058
212284
373055
118636
307904
375323
82967
322157
95250
324098
287655
206145
275078
280788
337065
256841
246714
292141
72595
304360
202556
155755
239865
153169
90119
268042
37376
87489
193539
234563
237139
175758
275237
371239
18422
221033
317354
114960
320690
371765
144681
352200
107921
154390
307250
3173
246717
276016
265480
87757
251077
213456
282458
23190
244652
167319
254301
287740
253564
320922
100443
130324
52979
131586
70469
273560
42564
261348
14885
219906
154844
308137
554
68765
372565
354612
2559
103976
108122
91931
203711
344277
312387
130895
284434
118617
344177
167525
155196
63759
151536
239094
273395
321171
21038
350363
276797
333907
234502
194498
179181
36406
156986
290916
285663
346964
66849
288845
194202
254712
106467
199486
59846
89053
206055
368377
95612
242782
163438
64371
373832
85339
81620
59923
352854
252740
155929
324635
293661
504
102559
195627
182847
198055
52527
305828
250644
139127
201349
196444
99454
331961
139804
62167
271211
307252
253472
151718
199722
112262
113736
78172
371545
280185
207590
66907
43607
13352
214266
113591
329332
175186
236792
196134
263072
297779
313947
164877
20138
86267
119001
315492
261372
200138
332156
151367
91534
274520
35174
279366
174718
339374
253273
81822
54383
250861
286554
200244
350693
188002
204327
185571
332386
253302
252822
9225
302244
294621
366388
110202
234431
266318
135175
116428
203000
43393
250411
147070
251517
346774
158518
316715
272771
101059
297021
338730
79022
4769
120311
9948
253789
